"","outd","NoInt:0.75","CI_HQ_SD:0.75","PC_CI_SD:0.75","PC_CI_HQ_SD:0.75","NoInt:0.5","CI_HQ_SD:0.5","PC_CI_SD:0.5","PC_CI_HQ_SD:0.5","NoInt:0.25","CI_HQ_SD:0.25","PC_CI_SD:0.25","PC_CI_HQ_SD:0.25"
"1",0,0,0,0,0,0,0,0,0,0,0,0,0
"2",1,0,0,0,0,0,0,0,0,0,0,0,0
"3",2,0,0,0,0,0,0,0,0,0,0,0,0
"4",3,0,0,0,0,0,0,0,0,0,0,0,0
"5",4,0,0,0,0,0,0,0,0,0,0,0,0
"6",5,0,0,0,0,0,0,0,0,0,0,0,0
"7",6,0,0,0,0,0,0,0,0,0,0,0,0
"8",7,0,0,0,0,0,0,0,0,0,0,0,0
"9",8,0,0,0,0,0,0,0,0,0,0,0,0
"10",9,0,0,0,0,0,0,0,0,0,0,0,0
"11",10,0,0,0,0,0,0,0,0,0,0,0,0
"12",11,0,0,0,0,0,0,0,0,0,0,0,0
"13",12,0,0,0,0,0,0,0,0,0,0,0,0
"14",13,0,0,0,0,0,0,0,0,0,0,0,0
"15",14,0,0,0,0,0,0,0,0,0,0,0,0
"16",15,0,0,0,0,0,0,0,0,0,0,0,0
"17",16,0,0,0,0,0,0,0,0,0,0,0,0
"18",17,0,0,0,0,0,0,0,0,0,0,0,0
"19",18,0,0,0,0,0,0,0,0,0,0,0,0
"20",19,0,0,0,0,0,0,0,0,0,0,0,0
"21",20,0,0,0,0,0,0,0,0,0,0,0,0
"22",21,0,0,0,0,0,0,0,0,0,0,0,0
"23",22,0,0,0,0,0,0,0,0,0,0,0,0
"24",23,0,0,0,0,0,0,0,0,0,0,0,0
"25",24,0,0,0,0,0,0,0,0,0,0,0,0
"26",25,0,0,0,0,0,0,0,0,0,0,0,0
"27",26,0,0,0,0,0,0,0,0,0,0,0,0
"28",27,0,0,0,0,0,0,0,0,0,0,0,0
"29",28,0,0,0,0,0,0,0,0,0,0,0,0
"30",29,0,0,0,0,0,0,0,0,0,0,0,0
"31",30,0,0,0,0,0,0,0,0,0,0,0,0
"32",31,0,0,0,0,0,0,0,0,0,0,0,0
"33",32,0,0,0,0,0,0,0,0,0,0,0,0
"34",33,0,0,0,0,0,0,0,0,0,0,0,0
"35",34,0,0,0,0,0,0,0,0,0,0,0,0
"36",35,0,0,0,0,0,0,0,0,0,0,0,0
"37",36,0,0,0,0,0,0,0,0,0,0,0,0
"38",37,0,0,0,0,0,0,0,0,0,0,0,0
"39",38,0,0,0,0,0,0,0,0,0,0,0,0
"40",39,0.1,0.1,0.1,0.1,0.1,0.1,0.1,0.1,0.1,0.1,0.1,0.1
"41",40,0.4,0.4,0.4,0.4,0.4,0.4,0.4,0.4,0.4,0.4,0.4,0.4
"42",41,0.5,0.5,0.5,0.5,0.5,0.5,0.5,0.5,0.5,0.5,0.5,0.5
"43",42,0.6,0.6,0.6,0.6,0.6,0.6,0.6,0.6,0.6,0.6,0.6,0.6
"44",43,0.7,0.7,0.7,0.7,0.7,0.7,0.7,0.7,0.7,0.7,0.7,0.7
"45",44,0.7,0.7,0.7,0.7,0.7,0.7,0.7,0.7,0.7,0.7,0.7,0.7
"46",45,0.9,0.9,0.9,0.9,0.9,0.9,0.9,0.9,0.9,0.9,0.9,0.9
"47",46,1.4,1.4,1.4,1.4,1.4,1.4,1.4,1.4,1.4,1.4,1.4,1.4
"48",47,2.1,2.1,2.1,2.1,2.1,2.1,2.1,2.1,2.1,2.1,2.1,2.1
"49",48,2.9,2.9,2.9,2.9,2.9,2.9,2.9,2.9,2.9,2.9,2.9,2.9
"50",49,3.5,3.5,3.5,3.5,3.5,3.5,3.5,3.5,3.5,3.5,3.5,3.5
"51",50,4,4,4,4,4,4,4,4,4,4,4,4
"52",51,4.6,4.6,4.6,4.6,4.6,4.6,4.6,4.6,4.6,4.6,4.6,4.6
"53",52,6.1,6.1,6.1,6.1,6.1,6.1,6.1,6.1,6.1,6.1,6.1,6.1
"54",53,7.4,7.4,7.4,7.4,7.4,7.4,7.4,7.4,7.4,7.4,7.4,7.4
"55",54,9.4,9.4,9.4,9.4,9.4,9.4,9.4,9.4,9.4,9.4,9.4,9.4
"56",55,11,11,11,11,11,11,11,11,11,11,11,11
"57",56,13.9,13.9,13.9,13.9,13.9,13.9,13.9,13.9,13.9,13.9,13.9,13.9
"58",57,17.2,17.2,17.2,17.2,17.2,17.2,17.2,17.2,17.2,17.2,17.2,17.2
"59",58,20.5,20.5,20.5,20.5,20.5,20.5,20.5,20.5,20.5,20.5,20.5,20.5
"60",59,26.5,26.5,26.5,26.5,26.5,26.5,26.5,26.5,26.5,26.5,26.5,26.5
"61",60,32,32,32,32,32,32,32,32,32,32,32,32
"62",61,38.7,38.7,38.7,38.7,38.7,38.7,38.7,38.7,38.7,38.7,38.7,38.7
"63",62,47.2,47.2,47.2,47.2,47.2,47.2,47.2,47.2,47.2,47.2,47.2,47.2
"64",63,57.4,57.4,57.4,57.4,57.4,57.4,57.4,57.4,57.4,57.4,57.4,57.4
"65",64,69.6,69.6,69.6,69.6,69.6,69.6,69.6,69.6,69.6,69.6,69.6,69.6
"66",65,81,81,81,81,81,81,81,81,81,81,81,81
"67",66,95.4,95.4,95.4,95.4,95.4,95.4,95.4,95.4,95.4,95.4,95.4,95.4
"68",67,112.5,112.5,112.5,112.5,112.5,112.5,112.5,112.5,112.5,112.5,112.5,112.5
"69",68,139.2,139.2,139.2,139.2,139.2,139.2,139.2,139.2,139.2,139.2,139.2,139.2
"70",69,168,168,168,168,168,168,168,168,168,168,168,168
"71",70,203.3,203.3,203.3,203.3,203.3,203.3,203.3,203.3,203.3,203.3,203.3,203.3
"72",71,245.8,245.8,245.8,245.8,245.8,245.8,245.8,245.8,245.8,245.8,245.8,245.8
"73",72,289.3,289.3,289.3,289.3,289.3,289.3,289.3,289.3,289.3,289.3,289.3,289.3
"74",73,350,350,350,350,350,350,350,350,350,350,350,350
"75",74,416.2,416.2,416.2,416.2,416.2,416.2,416.2,416.2,416.2,416.2,416.2,416.2
"76",75,501,501,501,501,501,501,501,501,501,501,501,501
"77",76,604.4,604.4,604.4,604.4,604.4,604.4,604.4,604.4,604.4,604.4,604.4,604.4
"78",77,724.4,724.4,724.4,724.4,724.4,724.4,724.4,724.4,724.4,724.4,724.4,724.4
"79",78,857.7,857.7,857.7,857.7,857.7,857.7,857.7,857.7,857.7,857.7,857.7,857.7
"80",79,1025.9,1025.9,1025.9,1025.9,1025.9,1025.9,1025.9,1025.9,1025.9,1025.9,1025.9,1025.9
"81",80,1200.1,1200.1,1200.1,1200.1,1200.1,1200.1,1200.1,1200.1,1200.1,1200.1,1200.1,1200.1
"82",81,1398.4,1398.4,1398.4,1398.4,1398.4,1398.4,1398.4,1398.4,1398.4,1398.4,1398.4,1398.4
"83",82,1637,1637,1637,1637,1637,1637,1637,1637,1637,1637,1637,1637
"84",83,1888.6,1888.6,1888.6,1888.6,1888.6,1888.6,1888.6,1888.6,1888.6,1888.6,1888.6,1888.6
"85",84,2178.7,2178.7,2178.7,2178.7,2178.7,2178.7,2178.7,2178.7,2178.7,2178.7,2178.7,2178.7
"86",85,2503.4,2503.4,2503.4,2503.4,2503.4,2503.4,2503.4,2503.4,2503.4,2503.4,2503.4,2503.4
"87",86,2867.8,2867.8,2867.8,2867.8,2867.8,2867.8,2867.8,2867.8,2867.8,2867.8,2867.8,2867.8
"88",87,3307.8,3307.8,3307.8,3307.8,3307.8,3307.8,3307.8,3307.8,3307.8,3307.8,3307.8,3307.8
"89",88,3810.5,3810.5,3810.5,3810.5,3810.5,3810.5,3810.5,3810.5,3810.5,3810.5,3810.5,3810.5
"90",89,4395.6,4395.6,4395.6,4395.6,4395.6,4395.6,4395.6,4395.6,4395.6,4395.6,4395.6,4395.6
"91",90,5123.1,5123.1,5123.1,5123.1,5123.1,5123.1,5123.1,5123.1,5123.1,5123.1,5123.1,5123.1
"92",91,5995.6,5995.6,5995.6,5995.6,5995.6,5995.6,5995.6,5995.6,5995.6,5995.6,5995.6,5995.6
"93",92,7037.1,7037.1,7037.1,7037.1,7037.1,7037.1,7037.1,7037.1,7037.1,7037.1,7037.1,7037.1
"94",93,8325.1,8325.1,8325.1,8325.1,8325.1,8325.1,8325.1,8325.1,8325.1,8325.1,8325.1,8325.1
"95",94,9828,9824.4,9818.5,9824.4,9828,9824.4,9818.5,9824.4,9828,9824.4,9818.5,9824.4
"96",95,11615.8,11604.7,11598.1,11604.7,11615.8,11604.7,11598.1,11604.7,11615.8,11604.7,11598.1,11604.7
"97",96,13740.9,13715.1,13710.5,13715.1,13740.9,13715.1,13710.5,13715.1,13740.9,13715.1,13710.5,13715.1
"98",97,16216.7,16160.4,16151.5,16160.4,16216.7,16160.4,16151.5,16160.4,16216.7,16160.4,16151.5,16160.4
"99",98,19187.8,19076.1,19053.2,19076.1,19187.8,19076.1,19053.2,19076.1,19187.8,19076.1,19053.2,19076.1
"100",99,22685.7,22450.7,22456.9,22450.7,22685.7,22450.7,22456.9,22450.7,22685.7,22450.7,22456.9,22450.7
"101",100,26850.5,26371.1,26448,26371.1,26850.5,26371.1,26448,26371.1,26850.5,26371.1,26448,26371.1
"102",101,31695.7,30837.6,31002.9,30837.6,31695.7,30837.6,31002.9,30837.6,31695.7,30837.6,31002.9,30837.6
"103",102,37405.6,35863.1,36242.9,35863.1,37405.6,35863.1,36242.9,35863.1,37405.6,35863.1,36242.9,35863.1
"104",103,44122,41630.1,42236.6,41638.1,44122,41630.1,42236.6,41638.1,44122,41630.1,42236.6,41638.1
"105",104,51999.3,48131.6,49094.4,48113.4,51999.3,48131.6,49094.4,48113.4,51999.3,48131.6,49094.4,48113.4
"106",105,61246.5,55312.3,56666,55203.6,61246.5,55312.3,56666,55203.6,61246.5,55312.3,56666,55203.6
"107",106,72142.7,63403.3,65212,63116.7,72142.7,63403.3,65212,63116.7,72142.7,63403.3,65212,63116.7
"108",107,84825.4,72257.3,74561,71667,84825.4,72257.3,74561,71667,84825.4,72257.3,74561,71667
"109",108,99538.1,81706.7,84493.9,80624.4,99538.1,81706.7,84493.9,80624.4,99538.1,81706.7,84493.9,80624.4
"110",109,116759.9,91897.7,94879.9,89968.3,116759.9,91897.7,94879.9,89968.3,116759.9,91897.7,94879.9,89968.3
"111",110,136743.2,102553.9,105493.7,99327.8,136743.2,102553.9,105493.7,99327.8,136743.2,102553.9,105493.7,99327.8
"112",111,159966.7,113805.3,116264.4,108684.1,159966.7,113805.3,116264.4,108684.1,159966.7,113805.3,116264.4,108684.1
"113",112,186814.9,125492,126775.7,117708.3,186814.9,125492,126775.7,117708.3,186814.9,125492,126775.7,117708.3
"114",113,217722.2,137300.9,136620.8,125894.4,217722.2,137300.9,136620.8,125894.4,217722.2,137300.9,136620.8,125894.4
"115",114,253308.6,149229.8,145360.3,133086.7,253308.6,149229.8,145360.3,133086.7,253308.6,149229.8,145360.3,133086.7
"116",115,294206.6,161062.3,152933.5,139041.3,294206.6,161062.3,152933.5,139041.3,294206.6,161062.3,152933.5,139041.3
"117",116,340948.7,172789.2,158904.2,143480.9,340948.7,172789.2,158904.2,143480.9,340948.7,172789.2,158904.2,143480.9
"118",117,394501.5,184442.4,163260.8,146399.6,394501.5,184442.4,163260.8,146399.6,394501.5,184442.4,163260.8,146399.6
"119",118,455658.6,196013.2,166265.3,147925,455658.6,196013.2,166265.3,147925,455658.6,196013.2,166265.3,147925
"120",119,524935.2,207372.9,167847.2,148071.2,524935.2,207372.9,167847.2,148071.2,524935.2,207372.9,167847.2,148071.2
"121",120,603475.6,218757.9,168092.7,146989.8,603475.6,218757.9,168092.7,146989.8,603475.6,218757.9,168092.7,146989.8
"122",121,692092.8,230053.3,167094.9,144755.3,692092.8,230053.3,167094.9,144755.3,692092.8,230053.3,167094.9,144755.3
"123",122,791711,241610,165141.5,141625.4,791711,241610,165141.5,141625.4,791711,241610,165141.5,141625.4
"124",123,903177.1,253184.9,162489.6,137810,903177.1,253184.9,162489.6,137810,903177.1,253184.9,162489.6,137810
"125",124,1027485.3,265089.7,159543.6,133687.6,1027485.3,265089.7,159543.6,133687.6,1027485.3,265089.7,159543.6,133687.6
"126",125,1165060.9,277461.4,156406.6,129380,1165060.9,277461.4,156406.6,129380,1165060.9,277461.4,156406.6,129380
"127",126,1316751.2,290026.7,153173.5,124967.5,1316751.2,290026.7,153173.5,124967.5,1316751.2,290026.7,153173.5,124967.5
"128",127,1483274.6,302851.9,149948.5,120555.2,1483274.6,302851.9,149948.5,120555.2,1483274.6,302851.9,149948.5,120555.2
"129",128,1663555.9,316068.1,146627.5,116175.1,1663555.9,316068.1,146627.5,116175.1,1663555.9,316068.1,146627.5,116175.1
"130",129,1853180,328449.4,143423.2,111872.2,1853180,328449.4,143423.2,111872.2,1853180,328449.4,143423.2,111872.2
"131",130,2048025.1,338742.8,140284.7,107807.8,2048025.1,338742.8,140284.7,107807.8,2048025.1,338742.8,140284.7,107807.8
"132",131,2246074.6,346857.7,137134.6,103821.1,2246074.6,346857.7,137134.6,103821.1,2246074.6,346857.7,137134.6,103821.1
"133",132,2445356,352354,134068.6,99980.4,2445356,352354,134068.6,99980.4,2445356,352354,134068.6,99980.4
"134",133,2644742.5,355513.6,131059,96325.2,2644742.5,355513.6,131059,96325.2,2644742.5,355513.6,131059,96325.2
"135",134,2841687.4,356013.4,128099.3,92706.4,2841687.4,356013.4,128099.3,92706.4,2841687.4,356013.4,128099.3,92706.4
"136",135,3033975.9,353910.4,125146.1,89317.7,3033975.9,353910.4,125146.1,89317.7,3033975.9,353910.4,125146.1,89317.7
"137",136,3219005.9,349219.1,122290.7,86094.8,3219005.9,349219.1,122290.7,86094.8,3219005.9,349219.1,122290.7,86094.8
"138",137,3394107.9,342051.5,119614.2,83039.9,3394107.9,342051.5,119614.2,83039.9,3394107.9,342051.5,119614.2,83039.9
"139",138,3557519,332420.5,116979.1,80117.1,3557519,332420.5,116979.1,80117.1,3557519,332420.5,116979.1,80117.1
"140",139,3710991.8,321492.5,114347.5,77331.4,3710991.8,321492.5,114347.5,77331.4,3710991.8,321492.5,114347.5,77331.4
"141",140,3854742.7,310419,111839.1,74553.1,3854742.7,310419,111839.1,74553.1,3854742.7,310419,111839.1,74553.1
"142",141,3987152.1,299498.9,109464.8,71952.6,3987152.1,299498.9,109464.8,71952.6,3987152.1,299498.9,109464.8,71952.6
"143",142,4107101.9,288877.9,107099.8,69439.4,4107101.9,288877.9,107099.8,69439.4,4107101.9,288877.9,107099.8,69439.4
"144",143,4214727.3,279106.8,104847.8,67060.8,4214727.3,279106.8,104847.8,67060.8,4214727.3,279106.8,104847.8,67060.8
"145",144,4311486.8,270569.8,102552.6,64770.6,4311486.8,270569.8,102552.6,64770.6,4311486.8,270569.8,102552.6,64770.6
"146",145,4396334.1,263459.8,100347.7,62529.4,4396334.1,263459.8,100347.7,62529.4,4396334.1,263459.8,100347.7,62529.4
"147",146,4467814.2,257850.6,98174.7,60419.3,4467814.2,257850.6,98174.7,60419.3,4467814.2,257850.6,98174.7,60419.3
"148",147,4523970.5,253815.5,96058.1,58362.4,4523970.5,253815.5,96058.1,58362.4,4523970.5,253815.5,96058.1,58362.4
"149",148,4563043.9,251476,93963.4,56400.3,4563043.9,251476,93963.4,56400.3,4563043.9,251476,93963.4,56400.3
"150",149,4583845.8,250858,91959.9,54476.9,4583845.8,250858,91959.9,54476.9,4583845.8,250858,91959.9,54476.9
"151",150,4585488.3,252092.1,89917,52641.6,4585488.3,252092.1,89917,52641.6,4585488.3,252092.1,89917,52641.6
"152",151,4567449.8,254957.6,87953,50866.3,4567449.8,254957.6,87953,50866.3,4567449.8,254957.6,87953,50866.3
"153",152,4528990.4,259626.1,86092.6,49164.6,4528990.4,259626.1,86092.6,49164.6,4528990.4,259626.1,86092.6,49164.6
"154",153,4467639.2,265671.6,84196.1,47502.3,4467639.2,265671.6,84196.1,47502.3,4467639.2,265671.6,84196.1,47502.3
"155",154,4380698.6,272760.5,82384.4,45915.8,4380698.6,272760.5,82384.4,45915.8,4380698.6,272760.5,82384.4,45915.8
"156",155,4269564.6,280630.7,80671.4,44371.2,4269564.6,280630.7,80671.4,44371.2,4269564.6,280630.7,80671.4,44371.2
"157",156,4135535.4,289389,78971.6,42811.7,4135535.4,289389,78971.6,42811.7,4135535.4,289389,78971.6,42811.7
"158",157,3980721.2,298902.4,77309.1,41365.8,3980721.2,298902.4,77309.1,41365.8,3980721.2,298902.4,77309.1,41365.8
"159",158,3808858.3,308835.9,75698.8,40000.4,3808858.3,308835.9,75698.8,40000.4,3808858.3,308835.9,75698.8,40000.4
"160",159,3622968.5,319350.6,74081.2,38633.3,3622968.5,319350.6,74081.2,38633.3,3622968.5,319350.6,74081.2,38633.3
"161",160,3426907.8,330261.9,72586,37338.5,3426907.8,330261.9,72586,37338.5,3426907.8,330261.9,72586,37338.5
"162",161,3224032.1,341731.9,71103.1,36074,3224032.1,341731.9,71103.1,36074,3224032.1,341731.9,71103.1,36074
"163",162,3017385.6,353537.6,69610.9,34851.6,3017385.6,353537.6,69610.9,34851.6,3017385.6,353537.6,69610.9,34851.6
"164",163,2810081.6,365571.5,68146.7,33675.3,2810081.6,365571.5,68146.7,33675.3,2810081.6,365571.5,68146.7,33675.3
"165",164,2605451.9,377988.3,66759.8,32537.7,2605451.9,377988.3,66759.8,32537.7,2605451.9,377988.3,66759.8,32537.7
"166",165,2404922.8,390544.8,65335.4,31454.4,2404922.8,390544.8,65335.4,31454.4,2404922.8,390544.8,65335.4,31454.4
"167",166,2211159.6,403443.7,63999.3,30428.4,2211159.6,403443.7,63999.3,30428.4,2211159.6,403443.7,63999.3,30428.4
"168",167,2025471.7,416540.5,62643.4,29423.7,2025471.7,416540.5,62643.4,29423.7,2025471.7,416540.5,62643.4,29423.7
"169",168,1848794.4,429716.3,61366.9,28428.3,1848794.4,429716.3,61366.9,28428.3,1848794.4,429716.3,61366.9,28428.3
"170",169,1681977.2,443227.2,60096.6,27498.7,1681977.2,443227.2,60096.6,27498.7,1681977.2,443227.2,60096.6,27498.7
"171",170,1525597,456791.9,58784,26612.3,1525597,456791.9,58784,26612.3,1525597,456791.9,58784,26612.3
"172",171,1379765.9,470305,57496.8,25737,1379765.9,470305,57496.8,25737,1379765.9,470305,57496.8,25737
"173",172,1245081.4,483943.8,56227.6,24900.8,1245081.4,483943.8,56227.6,24900.8,1245081.4,483943.8,56227.6,24900.8
"174",173,1121205.3,497599.2,55019.9,24118.1,1121205.3,497599.2,55019.9,24118.1,1121205.3,497599.2,55019.9,24118.1
"175",174,1007268.7,511210.5,53855.7,23313.1,1007268.7,511210.5,53855.7,23313.1,1007268.7,511210.5,53855.7,23313.1
"176",175,903311.9,525004.6,52758.7,22580.2,903311.9,525004.6,52758.7,22580.2,903311.9,525004.6,52758.7,22580.2
"177",176,808613.2,538731.5,51644,21843.7,808613.2,538731.5,51644,21843.7,808613.2,538731.5,51644,21843.7
"178",177,722975.5,552125.3,50532.9,21135.7,722975.5,552125.3,50532.9,21135.7,722975.5,552125.3,50532.9,21135.7
"179",178,645620,563724.4,49447.7,20448.9,645620,563724.4,49447.7,20448.9,645620,563724.4,49447.7,20448.9
"180",179,575806.6,571872.6,48414.4,19824.3,575806.6,571872.6,48414.4,19824.3,575806.6,571872.6,48414.4,19824.3
"181",180,512989.3,576568.6,47446,19188.6,512989.3,576568.6,47446,19188.6,512989.3,576568.6,47446,19188.6
"182",181,456749.1,577516.1,46470.6,18588.2,456749.1,577516.1,46470.6,18588.2,456749.1,577516.1,46470.6,18588.2
"183",182,406235.6,574842.4,45531.3,17998.6,406235.6,574842.4,45531.3,17998.6,406235.6,574842.4,45531.3,17998.6
"184",183,360855.1,568273.2,44577.3,17396,360855.1,568273.2,44577.3,17396,360855.1,568273.2,44577.3,17396
"185",184,320549.8,558136.3,43655.6,16864.2,320549.8,558136.3,43655.6,16864.2,320549.8,558136.3,43655.6,16864.2
"186",185,284470.7,545513.9,42723.5,16319.7,284470.7,545513.9,42723.5,16319.7,284470.7,545513.9,42723.5,16319.7
"187",186,252099.2,530996.6,41846.8,15800,252099.2,530996.6,41846.8,15800,252099.2,530996.6,41846.8,15800
"188",187,223189.1,515117.2,41003.2,15313,223189.1,515117.2,41003.2,15313,223189.1,515117.2,41003.2,15313
"189",188,197440.5,499811.2,40171.9,14852.1,197440.5,499811.2,40171.9,14852.1,197440.5,499811.2,40171.9,14852.1
"190",189,174690.1,486536,39329.3,14379.9,174690.1,486536,39329.3,14379.9,174690.1,486536,39329.3,14379.9
"191",190,154401.5,475533.5,38444.4,13948.5,154401.5,475533.5,38444.4,13947.5,154401.5,475533.5,38444.4,13947.5
"192",191,136543.6,467390.7,37619.5,13511.9,136543.6,467390.7,37619.5,13507,136543.6,467390.7,37619.5,13507
"193",192,120626.4,461993,36813,13111.7,120626.4,461993,36813,13090.8,120626.4,461993,36813,13090.8
"194",193,106639.6,459667.5,36062.8,12746.5,106639.6,459667.5,36062.8,12700.8,106639.6,459667.5,36062.8,12700.8
"195",194,94210.4,459841.1,35281.1,12405.8,94210.4,459841.1,35281.1,12315.8,94210.4,459841.1,35281.1,12315.8
"196",195,83351.7,461741.7,34520.4,12109.8,83351.7,461741.7,34520.4,11960.8,83351.7,461741.7,34520.4,11960.8
"197",196,73743.6,464727.2,33781.6,11830.4,73743.6,464727.2,33781.6,11613.9,73743.6,464727.2,33781.6,11613.9
"198",197,65265.1,468320.6,33047.4,11564.2,65265.1,468320.6,33047.4,11261.6,65265.1,468320.6,33047.4,11261.6
"199",198,57767.4,472648.5,32348.7,11320.5,57767.4,472648.5,32348.7,10908.5,57767.4,472648.5,32348.7,10908.5
"200",199,51133.5,477147.9,31666.9,11127.8,51133.5,477147.9,31666.9,10581.7,51133.5,477147.9,31666.9,10581.7
"201",200,45264.9,482268.9,31061,10964.4,45264.9,482268.9,31061,10259,45264.9,482268.9,31061,10260.5
"202",201,40029.3,487362.4,30426.1,10855.7,40029.3,487362.4,30426.1,9958.4,40029.3,487362.4,30426.1,9950.7
"203",202,35455.5,492208.9,29813.3,10804.6,35455.5,492208.9,29813.3,9694.3,35455.5,492208.9,29813.3,9672.9
"204",203,31380.1,497160.8,29149.1,10768.9,31380.1,497160.8,29149.1,9420.6,31380.1,497160.8,29149.1,9373.2
"205",204,27788.7,502164.3,28542.7,10807.4,27788.7,502164.3,28542.7,9173.8,27788.7,502164.3,28542.7,9093.6
"206",205,24620.2,507019.8,27973.3,10901,24620.2,507019.8,27973.3,8923.7,24620.2,507019.8,27973.3,8799.1
"207",206,21841.7,511351.4,27373.2,11112.4,21841.7,511351.4,27373.2,8706.9,21841.7,511351.4,27373.2,8532.3
"208",207,19353.7,515672.8,26778,11436.2,19353.7,515672.8,26778,8512.6,19353.7,515672.8,26778,8272.3
"209",208,17165.2,519514.4,26223.5,11885.2,17165.2,519514.4,26223.5,8358.4,17165.2,519514.4,26223.5,8031.8
"210",209,15219.4,523282.6,25684.7,12479,15219.4,523282.6,25684.7,8241.5,15219.4,523282.6,25684.7,7798.9
"211",210,13485.4,526296.8,25134.3,13241,13485.4,526296.8,25134.3,8157.4,13485.4,526296.8,25134.3,7579.9
"212",211,11945.1,529172.9,24599.6,14161.2,11945.1,529172.9,24599.6,8094.6,11945.1,529172.9,24599.6,7363.8
"213",212,10576,531699.8,24083.9,15194.2,10576,531699.8,24083.9,8046.3,10576,531699.8,24083.9,7121.5
"214",213,9359.6,533685.7,23628.7,16460.1,9359.6,533685.7,23628.7,8064.8,9359.6,533685.7,23628.7,6909.4
"215",214,8299.5,535163.9,23109.1,17943.6,8299.5,535163.9,23109.1,8142.6,8299.5,535163.9,23109.1,6712.5
"216",215,7358.4,536228.9,22612.7,19576.4,7358.4,536228.9,22612.7,8267.3,7358.4,536228.9,22612.7,6529
"217",216,6510.4,537095.8,22142.7,21326.4,6510.4,537095.8,22142.7,8421.8,6510.4,537095.8,22142.7,6320.7
"218",217,5763.4,537462.6,21698,23216.1,5763.4,537462.6,21698,8658.3,5763.4,537462.6,21698,6136.8
"219",218,5103.6,537431,21214.4,25213.2,5103.6,537431,21214.4,8956.7,5103.6,537431,21214.4,5963.1
"220",219,4520.2,536931.5,20751,27329,4520.2,536931.5,20751,9295.2,4520.2,536931.5,20751,5782
"221",220,4019,536179.4,20308.5,29571.8,4019,536179.4,20308.5,9735.1,4019,536179.4,20308.5,5605
"222",221,3562.6,534898.6,19884.5,31976.4,3562.6,534898.6,19884.5,10274.4,3562.6,534898.6,19884.5,5435.2
"223",222,3152.3,533226.9,19466.9,34555,3152.3,533226.9,19466.9,10930.7,3152.3,533226.9,19466.9,5288.9
"224",223,2779.4,531262.1,19054.1,37178.4,2779.4,531262.1,19054.1,11676.4,2779.4,531262.1,19054.1,5138.7
"225",224,2455.6,528989,18696.1,39842.6,2455.6,528989,18696.1,12546.6,2455.6,528989,18696.1,4986.9
"226",225,2177.7,526246.8,18265.4,42686.4,2177.7,526246.8,18265.4,13566.2,2177.7,526246.8,18265.4,4829.2
"227",226,1926.4,523179.7,17870,45634.8,1926.4,523179.7,17870,14751.1,1926.4,523179.7,17870,4700.4
"228",227,1707.2,519678.7,17504.2,48681.1,1707.2,519678.7,17504.2,16116,1707.2,519678.7,17504.2,4578.1
"229",228,1505.9,515804.2,17140.2,51795.8,1505.9,515804.2,17140.2,17633,1505.9,515804.2,17140.2,4448.3
"230",229,1328.9,511502.3,16801.5,54914.8,1328.9,511502.3,16801.5,19266.8,1328.9,511502.3,16801.5,4332.5
"231",230,1175.3,507061.6,16442.7,57825.7,1175.3,507061.6,16442.7,20957.3,1175.3,507061.6,16442.7,4209.1
"232",231,1041.8,502134.1,16121.4,60381.9,1041.8,502134.1,16121.4,22780.4,1041.8,502134.1,16121.4,4112.2
"233",232,925.3,496933.6,15764.5,62503,925.3,496933.6,15764.5,24709.7,925.3,496933.6,15764.5,3997.2
"234",233,824.1,491360.2,15433.6,64287.1,824.1,491360.2,15433.6,26757.8,824.1,491360.2,15433.6,3909.6
"235",234,731.7,485522.1,15102.3,65637.8,731.7,485522.1,15102.3,28862.7,731.7,485522.1,15102.3,3831
"236",235,646.3,479385,14805.4,66519.2,646.3,479385,14805.4,31012.2,646.3,479385,14805.4,3758
"237",236,581,472168.9,14493.6,66954.4,581,472168.9,14493.6,33062.2,581,472168.9,14493.6,3697.3
"238",237,516.9,463361.1,14202.1,66919.7,516.9,463361.1,14199.2,34968.1,516.9,463361.1,14199.2,3649
"239",238,458.9,452954.6,13944.3,66455.3,458.9,452954.6,13923.4,36736.4,458.9,452954.6,13923.4,3615
"240",239,409.2,440861.2,13676.6,65598.9,409.2,440861.2,13616.9,38321.6,409.2,440861.2,13616.9,3597.1
"241",240,363.7,427143.6,13443.7,64486,363.7,427143.6,13328.7,39810.3,363.7,427143.6,13328.7,3607.7
"242",241,325.8,412012.4,13224.2,63197.8,325.8,412012.4,13034.1,41161.9,325.8,412012.4,13034.1,3645.7
"243",242,290.7,395605.2,13053.4,61902.4,290.7,395605.2,12777.5,42303.6,290.7,395605.2,12777.5,3719
"244",243,255.3,377842.3,12911.5,60396.2,255.3,377842.3,12512.3,43270.9,255.3,377842.3,12512.3,3813.9
"245",244,226.6,358897.2,12804.3,58865.7,226.6,358897.2,12256.8,44059.2,226.6,358897.2,12256.8,3944.1
"246",245,199.7,339137,12753.1,57190.3,199.7,339137,12014.7,44687.2,199.7,339137,12014.7,4135.3
"247",246,173,319249.8,12764.6,55482.1,173,319249.8,11788.8,45285.6,173,319249.8,11788.8,4356.3
"248",247,153.5,300069.6,12812.6,53744.1,153.5,300069.6,11543.5,45807.4,153.5,300069.6,11543.5,4617.8
"249",248,139.1,281734.6,12920.3,51973.2,139.1,281734.6,11299.8,46296.7,139.1,281734.6,11299.8,4939.3
"250",249,123.1,264360.8,13102.6,50194.5,123.1,264360.8,11088.2,46848.8,123.1,264360.8,11088.2,5293.1
"251",250,108.9,247834.3,13359.9,48423.8,108.9,247834.3,10872.9,47344.2,108.9,247834.3,10872.9,5701.1
"252",251,94.7,232381.3,13681.9,46694.1,94.7,232381.3,10660.8,47693.8,94.7,232381.3,10660.8,6171.6
"253",252,83.8,217826.9,14112.2,44948.5,83.8,217826.9,10442.7,48025.2,83.8,217826.9,10442.7,6730.1
"254",253,73.9,204306.4,14650.7,43325.4,73.9,204306.4,10231.6,48204.6,73.9,204306.4,10231.6,7355.4
"255",254,65.8,191738,15302.3,41748.7,65.8,191738,10020.3,48244.1,65.8,191738,10020.3,8063.3
"256",255,59.6,179943.5,16120.1,40287.9,59.6,179943.5,9826.2,48117.5,59.6,179943.5,9826.2,8849.4
"257",256,53.1,168921.4,17107,38836.4,53.1,168921.4,9619.9,47801.4,53.1,168921.4,9619.9,9713
"258",257,47.5,158807.2,18290.9,37448.7,47.5,158807.2,9417.9,47316.1,47.5,158807.2,9417.9,10684.9
"259",258,40.1,149219.3,19670.8,36147.3,40.1,149219.3,9214.1,46694.9,40.1,149219.3,9214.1,11775.6
"260",259,34.5,140323.3,21104.5,34853.9,34.5,140323.3,9009,45861.6,34.5,140323.3,9009,12993.3
"261",260,29.4,132044.9,22683.3,33618.6,29.4,132044.9,8831.9,44945.3,29.4,132044.9,8831.9,14399.9
"262",261,27,124260.4,24358.6,32431.4,27,124260.4,8660.8,43955.2,27,124260.4,8660.8,15905.3
"263",262,23.7,117064.2,26094.3,31302.4,23.7,117064.2,8481.5,42801.9,23.7,117064.2,8481.5,17550
"264",263,21.2,110297.7,27987.4,30220.6,21.2,110297.7,8312,41668.7,21.2,110297.7,8315.3,19402.5
"265",264,18.3,103979,29937.9,29149.3,18.3,103979,8145,40531.1,18.3,103979,8136.3,21399.7
"266",265,15.6,98063.3,31899.8,28115.1,15.6,98063.3,7993.2,39364.8,15.6,98063.3,7963.8,23586.5
"267",266,14.1,92538.2,33862.6,27148.4,14.1,92538.2,7842,38222.6,14.1,92538.2,7788.9,25999.1
"268",267,12.3,87213.2,35805.7,26244.1,12.3,87213.2,7745.9,37161.1,12.3,87213.2,7638.8,28634
"269",268,10.8,82299.5,37775.1,25394.7,10.8,82299.5,7665.2,36078.9,10.8,82299.5,7477.9,31511.8
"270",269,9.6,77646,39976.2,24559.1,9.6,77646,7659.4,35076.9,9.6,77646,7340.1,34630.4
"271",270,8.8,73283.2,42288.9,23738.9,8.8,73283.2,7676.3,34048.8,8.8,73283.2,7182.6,37979.2
"272",271,7.4,69195.7,44885.4,22982.6,7.4,69195.7,7749.1,33054.2,7.4,69195.7,7023.4,41523.1
"273",272,6.5,65291.5,47673.8,22214.2,6.5,65291.5,7896.2,32148.5,6.5,65291.5,6871.5,45039.2
"274",273,5.5,61631.7,50750.1,21473.6,5.5,61631.7,8127.4,31220.4,5.5,61631.7,6727.1,48471
"275",274,4.7,58188.5,54137.6,20804.5,4.7,58188.5,8467.5,30294.6,4.7,58188.5,6601.7,51864
"276",275,4.3,54909.9,57623.1,20127.6,4.3,54909.9,8896.3,29454.3,4.3,54909.9,6478.7,55069
"277",276,3.5,51850.9,61193.6,19509.5,3.5,51850.9,9468,28664.8,3.5,51850.9,6349.4,58123.8
"278",277,3.1,48937.9,64765.5,18881.7,3.1,48937.9,10137,27803.3,3.1,48937.9,6218.9,60897.8
"279",278,2.6,46177.6,68168.4,18217.5,2.6,46177.6,10952.7,27003.5,2.6,46177.6,6111.1,63252
"280",279,2.3,43671.9,71481.2,17621.2,2.3,43671.9,11864,26223.5,2.3,43671.9,5966.3,65202.7
"281",280,1.9,41324.9,74634,17049.8,1.9,41324.9,12989.2,25468.7,1.9,41324.9,5856.5,66631.5
"282",281,1.5,39145.4,77489.4,16492.4,1.5,39145.4,14266.2,24760.6,1.5,39145.4,5731.4,67638.6
"283",282,1.4,37182.8,80064.4,15959.8,1.4,37182.8,15775.6,24056.6,1.4,37182.8,5614.4,68316.2
"284",283,1.2,35399.1,82190,15439.8,1.2,35399.1,17511.6,23375.6,1.2,35399.1,5495.1,68670.3
"285",284,1.2,33804.3,84028.2,14929.5,1.2,33804.3,19536.2,22720.5,1.2,33804.3,5385.7,68661.4
"286",285,0.9,32395.2,85632.4,14458.5,0.9,32395.2,21800.9,22049.5,0.9,32395.2,5275.9,68331.1
"287",286,0.8,31108.2,86956.3,13974.5,0.8,31108.2,24379.1,21379.1,0.8,31108.2,5169.1,67567.6
"288",287,0.7,29982.9,87959.6,13521.2,0.7,29982.9,27295.3,20807,0.7,29982.9,5060.7,66515.1
"289",288,0.6,28987.9,88735.3,13112.5,0.6,28987.9,30462.8,20231.1,0.6,28987.9,4960.8,65212.3
"290",289,0.4,28054.7,89075.6,12678.9,0.4,28054.7,33923.5,19661.3,0.4,28054.7,4867.7,63631.7
"291",290,0.6,27234.9,89050.8,12319.3,0.6,27234.9,37561.7,19106.1,0.6,27234.9,4743.2,61895.2
"292",291,0.6,26457.8,88669.4,11946.3,0.6,26457.8,41383.1,18551.3,0.6,26457.8,4656.6,60019.1
"293",292,0.5,25768.9,87948.5,11636.6,0.5,25768.9,45217.3,18035.1,0.5,25768.9,4571,58046.6
"294",293,0.4,25110.5,86847.6,11392.4,0.4,25110.5,49046.7,17529,0.4,25110.5,4498.7,55971.1
"295",294,0.3,24476.9,85427.7,11153.2,0.3,24476.9,52793.1,17039.3,0.3,24476.9,4412.1,53783
"296",295,0.3,23867.6,83736.3,10946.4,0.3,23867.6,56484,16572.4,0.3,23867.6,4326.7,51681.7
"297",296,0.3,23301.2,81740.7,10829,0.3,23301.2,59962.5,16142.7,0.3,23301.2,4275.8,49602.1
"298",297,0.3,22751.7,79636.1,10746.3,0.3,22751.7,63188.8,15699.4,0.3,22751.7,4224.3,47576.7
"299",298,0.3,22230,77510.8,10748.4,0.3,22230,66121.5,15250.8,0.3,22230,4180.9,45643
"300",299,0.3,21732.5,75350.3,10888.5,0.3,21732.5,68714.7,14824,0.3,21732.5,4185.2,43820.7
"301",300,0.1,21241.2,73207,11085.4,0.1,21241.2,70932.8,14449.8,0.1,21241.2,4199.4,42030.9
"302",301,0.2,20795,71108.5,11436,0.2,20795,72982.5,14068.3,0.2,20795,4222.6,40312.7
"303",302,0.2,20340.4,69064,11893.4,0.2,20340.4,74813.1,13678.7,0.2,20340.4,4280.2,38686.7
"304",303,0.3,19917.7,67160.5,12456.6,0.3,19917.7,76506.8,13289.9,0.3,19917.7,4386.6,37141.2
"305",304,0.3,19514,65210.5,13190.5,0.3,19514,77990.3,12942.1,0.3,19514,4537.5,35713.1
"306",305,0.3,19131.2,63309.2,14061.9,0.3,19131.2,79224.7,12615.4,0.3,19131.2,4742.7,34295.6
"307",306,0.3,18727.8,61506.8,15084.8,0.3,18727.8,80189,12250.1,0.3,18727.8,4996,33008
"308",307,0.3,18351,59817.1,16267.7,0.3,18351,80983.1,11931.5,0.3,18351,5323.4,31746.7
"309",308,0.3,18007.2,58136.3,17650.4,0.3,18007.2,81637.1,11627.2,0.3,18007.2,5707.5,30539.1
"310",309,0.3,17654.7,56499.6,19158.5,0.3,17654.7,82253,11329.7,0.3,17654.7,6135.5,29419.5
"311",310,0.2,17289.6,54932,20886.5,0.2,17289.6,82708.7,11014.5,0.2,17289.6,6663.3,28373
"312",311,0.1,16956.6,53377.8,22737.2,0.1,16956.6,82880.9,10706.6,0.1,16956.6,7281.4,27305.5
"313",312,0.1,16635.8,51933.4,24706.2,0.1,16635.8,82868.8,10415.6,0.1,16635.8,7995.7,26279.4
"314",313,0,16330.8,50523.8,26808.9,0,16330.8,82603.2,10155.9,0,16330.8,8784.1,25313.7
"315",314,0,15993.9,49125.1,29002.7,0,15993.9,82071,9895.9,0,15993.9,9706.7,24416.8
"316",315,0,15676.8,47780.8,31367.4,0,15676.8,81337.6,9621,0,15676.8,10758.8,23520.9
"317",316,0,15387.4,46553.9,33824.5,0,15387.4,80406.9,9402.6,0,15387.4,11944.1,22640.4
"318",317,0,15099.8,45232.1,36362,0,15101,79220.7,9157.3,0,15101,13284.9,21812.9
"319",318,0,14799.2,43967,38903.8,0,14799.3,77939.5,8973.6,0,14799.3,14836.6,21047
"320",319,0,14536.8,42763.8,41561.4,0,14532.8,76371.4,8789.8,0,14532.8,16630.3,20279.5
"321",320,0,14329.8,41629.5,44167.8,0,14309.6,74667.1,8623,0,14309.6,18612.6,19518.4
"322",321,0,14079.7,40557.4,46750.1,0,14046,72884.6,8515.9,0,14046,20733.5,18828.4
"323",322,0,13859.7,39493.4,49263.4,0,13786.8,71014.5,8426.8,0,13786.8,23007.3,18173.3
"324",323,0,13636.9,38409.5,51675.2,0,13505.3,69132.5,8364.8,0,13505.3,25421.9,17534.9
"325",324,0,13473.3,37389.6,53887.7,0,13264,67246.2,8339.5,0,13264,28045.1,16899.5
"326",325,0,13331.6,36372.2,55813.3,0,12991.6,65272.7,8336.9,0,12991.6,30838.7,16308.7
"327",326,0,13260,35341.1,57410.8,0,12766.2,63448.8,8349.6,0,12766.2,33884.5,15735.2
"328",327,0,13232.8,34447.2,58719.7,0,12535.3,61696.6,8410.9,0,12535.3,37117.9,15197.5
"329",328,0,13261.6,33551.8,59732.3,0,12318.7,59910,8473.9,0,12318.7,40473.2,14636.9
"330",329,0.1,13333.7,32675.4,60322.5,0.1,12070,58200.7,8618.4,0.1,12070,43905.6,14108.2
"331",330,0.1,13426.2,31757.8,60593,0.1,11812.6,56612.6,8799.5,0.1,11813.5,47461.3,13600.3
"332",331,0.1,13599.9,30858.3,60603.5,0.1,11576.4,55061.2,9029.4,0.1,11578.2,50934.3,13127.4
"333",332,0.1,13811.1,29995.4,60289.9,0.1,11344.4,53578,9322.2,0.1,11354.2,54262.1,12647.3
"334",333,0.1,14064.6,29159.1,59746.7,0.1,11115.2,52075.6,9661.6,0.1,11121.4,57399.6,12186.1
"335",334,0.1,14379.7,28344.9,59031,0.1,10929.1,50578.8,10088.7,0.1,10919.4,60256.1,11762.2
"336",335,0.1,14727.7,27605.6,58235.7,0.1,10744.4,49266.2,10639.5,0.1,10717.5,62930.8,11342.3
"337",336,0.1,15124.2,26875.6,57379.1,0.1,10572.5,47935.7,11285,0.1,10515.1,65296.6,10965.6
"338",337,0.1,15542.1,26142.8,56446.8,0.1,10381.1,46602.4,12103.8,0.1,10294.1,67431.1,10564
"339",338,0.1,16014.8,25450,55491.8,0.1,10203.1,45358.9,13029,0.1,10082.2,69356.8,10203.8
"340",339,0,16486.3,24784.9,54575.8,0,10072.4,44128,14095.5,0,9908.6,71141.7,9844.6
"341",340,0,16989.3,24136.6,53722.9,0,9950.8,42937.8,15305.1,0,9727.1,72655.5,9522.1
"342",341,0,17532.4,23513.6,52911,0,9859.4,41759.1,16696.4,0,9552.7,74113.9,9192.7
"343",342,0,18108.7,22861.4,52253.9,0,9782.2,40604.6,18166.2,0,9379.4,75488.3,8895.1
"344",343,0,18703.2,22277.8,51607.4,0,9751.9,39484.4,19763.4,0,9215.4,76925.1,8596.4
"345",344,0,19300.4,21688.2,51007.1,0,9714.1,38455.2,21452.9,0,9049.4,78379.6,8297.3
"346",345,0,19879.2,21105,50324.2,0,9724.6,37407.1,23195.5,0,8883.9,79648.5,8014.4
"347",346,0,20408.2,20550.7,49553.7,0,9740.2,36360.5,24946.1,0,8709.3,80820.9,7715.7
"348",347,0,20914.3,19990.6,48704.6,0,9839.6,35397.5,26662.3,0,8583.1,81892.8,7473.1
"349",348,0,21385,19441.6,47763,0,9951.4,34403.1,28379.8,0,8431.4,82715.2,7213.3
"350",349,0,21735.2,18919.3,46763.8,0,10089.9,33451.5,30081.3,0,8284.3,83247.3,6981
"351",350,0,22072.3,18425.3,45540.8,0,10246.1,32555.5,31832.1,0,8149.9,83534.7,6749
"352",351,0,22334.6,17936.5,44245.2,0,10427.7,31655.4,33569.9,0,7991,83547.7,6513.1
"353",352,0,22493.4,17472.4,42818.2,0,10642.4,30771.9,35398.5,0,7836.4,83281.7,6260.4
"354",353,0,22577.8,16979.3,41306.5,0,10894,29931.2,37378.3,0,7720,82638.4,6036.1
"355",354,0,22590.6,16527.7,39735.1,0,11149.2,29114.8,39455.7,0,7582,81699.7,5848.9
"356",355,0,22543.9,16067.5,38173.3,0,11426.9,28323.5,41726.5,0,7473,80550.3,5668.5
"357",356,0,22446.3,15629.1,36665.8,0,11699.4,27557.5,44247.3,0,7349.1,79179.6,5493.2
"358",357,0,22280.7,15226.3,35171.2,0,12012.2,26813.5,46922.1,0,7212,77491.7,5280.1
"359",358,0,22004.4,14800.6,33766.5,0,12332.9,26085.2,49721.8,0,7100.8,75688.2,5100.9
"360",359,0,21780,14406.9,32310.3,0,12647.2,25384.9,52524.9,0,6968.7,73742,4912.1
"361",360,0,21453.3,14011.3,31021.5,0,12993.8,24685.5,55286.3,0,6838.7,71695.2,4726
"362",361,0,21094.3,13643.3,29729,0,13363,24016.9,57890.6,0,6733.8,69659.6,4577.9
"363",362,0,20724.3,13273.3,28452.7,0,13715.9,23390.9,60156.1,0,6623,67656.7,4443.4
"364",363,0,20330.9,12959.3,27282.6,0,14089.7,22755.7,62072.9,0,6492.6,65733.2,4296.8
"365",364,0,19913.5,12627.9,26129.1,0,14451.7,22136.8,63644.4,0,6388.3,63822.8,4130.5
"366",365,0,19491.5,12331.5,25022.3,0,14870.3,21503.2,64771,0,6264.7,61971.6,3969.8
"367",366,0,19045,12051.9,23998.8,0,15278.3,20928.1,65530.9,0,6151.3,60176.8,3836.2
"368",367,0,18601.7,11800.6,23075,0,15646.6,20343.2,65819.3,0,6041,58503.8,3733.8
"369",368,0,18186.9,11586.1,22084,0,16031.3,19816.9,65614.3,0,5932,56827.1,3639.6
"370",369,0,17758.1,11403.6,21235.6,0,16402.9,19276.6,65026.4,0,5835.8,55204.2,3567.3
"371",370,0,17334.2,11286.6,20386.9,0,16743.8,18750.1,64036.7,0,5724.3,53670.7,3518.6
"372",371,0,16945,11195.1,19552,0,17016.9,18263,62755.1,0,5635.5,52151.6,3474
"373",372,0,16538.6,11216.5,18787,0,17291,17759.7,61300.2,0,5547.3,50717.1,3451.2
"374",373,0,16169.9,11304.1,18009.1,0,17490.4,17267.4,59644.3,0,5482.3,49322.9,3451.9
"375",374,0,15815.1,11477,17294.1,0,17703.7,16781,57827.6,0,5394.8,47998,3484.3
"376",375,0,15452,11752.1,16618.2,0,17809.8,16365.2,55910.8,0,5321.6,46693.2,3552.6
"377",376,0,15132.2,12148.6,15958.2,0,17878.2,15911,53762.6,0,5261.7,45457.3,3647.4
"378",377,0,14805.6,12626.8,15322.9,0,17897.7,15473.2,51610,0,5201,44138,3769.8
"379",378,0,14510.7,13262.8,14772.6,0,17855.8,15045,49483.7,0,5154.5,42933.1,3927.9
"380",379,0,14242.9,14035.6,14207.9,0,17773.1,14659.1,47372.1,0,5116.1,41752.2,4134.4
"381",380,0,13993.3,14960.5,13668.1,0,17630,14267.9,45303.2,0,5084.7,40611.9,4391.4
"382",381,0,13741.1,16103.2,13183.9,0,17520.6,13877.1,43377.3,0,5054.2,39506.3,4676.4
"383",382,0,13503.3,17466,12727.7,0,17346.5,13510.3,41526.4,0,5047.5,38388.2,5052
"384",383,0,13287.6,18968.9,12307.9,0,17152.8,13178.5,39767.2,0,5039,37324,5511.3
"385",384,0,13077.3,20599.1,11927.4,0,16941.7,12829.7,38102.7,0,5034.9,36280.8,6017.5
"386",385,0,12910.8,22329.4,11575.8,0,16728.8,12483.8,36484.5,0,5061.9,35271.9,6619.3
"387",386,0,12749.4,24217.8,11274.9,0,16532.4,12166.4,34961.3,0,5079.6,34202.9,7305.4
"388",387,0,12692.5,26248.3,11008.9,0,16309.9,11825.3,33523.9,0,5103.9,33293,8074.5
"389",388,0,12614.2,28469.4,10784.1,0,16118.1,11507.8,32146.1,0,5149.3,32369.3,8946.5
"390",389,0,12610.1,30830.8,10617.4,0,15930.6,11204.1,30854.9,0,5192.5,31498,9901.5
"391",390,0,12637.5,33373.8,10546.8,0,15751.6,10899.9,29661.9,0,5250.4,30639,10980.2
"392",391,0,12680.8,36139.3,10514.5,0,15558.6,10604.5,28421.6,0,5324.2,29841.5,12195.7
"393",392,0,12793.1,38978.7,10571.6,0,15382.6,10313,27291.8,0,5388.4,29035.9,13492.2
"394",393,0,12948.1,41891.9,10691,0,15217,10003.4,26221.3,0,5468.7,28225.9,14949.4
"395",394,0,13129.9,44845,10902.8,0,15023.4,9732.8,25170.6,0,5578.5,27427.4,16548.8
"396",395,0,13331.2,47816.2,11239.2,0,14838.6,9464.5,24188.2,0,5678.9,26680.3,18256.9
"397",396,0,13567.1,50654.4,11654.8,0,14635.6,9206.6,23248,0,5797.5,25980.2,20082.9
"398",397,0,13802.5,53529.7,12189.3,0,14453.8,8973,22317.8,0,5937.3,25266.2,21985.9
"399",398,0,14099.7,56309.8,12833.5,0,14247.1,8745.8,21485.4,0,6079.1,24568.4,23966.9
"400",399,0,14348.8,59043.6,13630.7,0,14030.5,8508.7,20639.6,0,6235,23866.4,26079.9
"401",400,0,14691.7,61760.4,14546.2,0,13813,8282.9,19828.1,0,6424,23163.8,28180.9
"402",401,0,15030,64156.8,15634.1,0,13569.3,8050.3,19059.8,0,6608.3,22445.2,30320.9
"403",402,0,15375.3,66248,16822.5,0,13342.5,7835,18317.7,0,6819.1,21836.5,32524.4
"404",403,0,15769,68078.4,18200.3,0,13086.1,7650.4,17611.1,0,7046.3,21246.1,34721.8
"405",404,0,16137.2,69722.1,19659,0,12841,7470.7,16934.7,0,7266.4,20649,36951.7
"406",405,0,16549.6,71247,21178.1,0,12549.1,7308,16275.6,0,7486.4,20090.6,39288.1
"407",406,0,16959.4,72746.9,22788.2,0,12287,7165.9,15645.3,0,7756,19562.3,41690.5
"408",407,0,17372,74095.4,24447.6,0,12017.2,7055.7,15061,0,8032.2,19010.2,44166.6
"409",408,0,17758.6,75105.4,26168.7,0,11761,6940.5,14465.2,0,8292.7,18464.9,46667.6
"410",409,0,18166.7,75887.5,27984.1,0,11491.5,6879.8,13936.1,0,8580.4,17974.6,49170.8
"411",410,0,18477,76202.4,29758.4,0,11239.4,6874.8,13402.9,0,8841.4,17500.5,51729
"412",411,0,18785,76210.2,31589.1,0,11003.1,6949.4,12916.4,0,9130.1,17041.3,54246.3
"413",412,0,19063,75930.8,33422.2,0,10768.2,7076.7,12445.3,0,9423.5,16565.7,56773.2
"414",413,0,19213.5,75445.6,35292.4,0,10574.7,7262.9,11967.8,0,9734.6,16077.1,59359.4
"415",414,0,19396,74690.7,37236.2,0,10407.4,7550.3,11528.6,0,10065.5,15632.2,61833.3
"416",415,0,19478.6,73584.5,39213,0,10254.6,7919.9,11103.3,0,10402.5,15197,63997.6
"417",416,0,19502,72199.7,41204.9,0,10095.2,8397.4,10679.6,0,10709.4,14771.9,65929.8
"418",417,0,19454.5,70517.5,43252,0,9982.2,8970.9,10274.4,0,11008.4,14371.8,67533.6
"419",418,0,19350.1,68747,45286.8,0,9867.9,9721.9,9890.4,0,11341.2,13995.1,68715.7
"420",419,0,19231.9,66793.2,47292.5,0,9782.9,10582.9,9523.6,0,11672.4,13572.1,69364.7
"421",420,0,19073.2,64710.4,49288.9,0,9743.2,11597.1,9169.5,0,12018.3,13197.9,69568.5
"422",421,0,18887.8,62619.4,51029,0,9701.4,12774.3,8845.6,0,12348.9,12804.4,69361
"423",422,0,18653.6,60626.4,52588.6,0,9678.3,14095.2,8535.5,0,12682.9,12439.4,68635.7
"424",423,0,18436.7,58667.2,53858.7,0,9673.3,15630.4,8257.5,0,12969.6,12116.2,67330.8
"425",424,0,18148.7,56762.3,54777.2,0,9678.8,17417,7978.5,0,13247.4,11796.7,65673.3
"426",425,0,17860.4,54971.5,55401.9,0,9769,19405.3,7729.7,0,13532.9,11459.4,63774.1
"427",426,0,17568,53221.1,55723,0,9856.6,21667.9,7531.4,0,13816.1,11104.9,61539.4
"428",427,0,17250.8,51478.3,55700.8,0,9914.1,24227.2,7334.8,0,14100.5,10785.5,59199.4
"429",428,0,16948.5,49829.7,55437.2,0,10049.5,27052.2,7186.7,0,14338.6,10488.9,56828.6
"430",429,0,16596.6,48194.3,54870.9,0,10198.9,30098.2,7061,0,14526,10217.5,54488.2
"431",430,0,16215.7,46661.1,54078.8,0,10356.2,33308,6973.6,0,14714.4,9920.8,52192.6
"432",431,0,15840,45226.2,53244.1,0,10544.5,36597.7,6905.9,0,14903.1,9657.1,49886.5
"433",432,0,15453.9,43762.2,52357.3,0,10756,40109.2,6883.8,0,15051.7,9390.1,47713.9
"434",433,0,15080.6,42355.7,51433.4,0,10970.6,43779.1,6903.7,0,15191,9114.1,45661.1
"435",434,0,14713,41028.5,50533.3,0,11188.5,47433.5,6965.8,0,15358.5,8855,43661.5
"436",435,0,14350.2,39776.6,49536.1,0,11394.8,51014.2,7082.4,0,15472.3,8615,41780
"437",436,0,13976.6,38523.6,48446.4,0,11650.5,54547.2,7251.9,0,15580.9,8390.4,39994.4
"438",437,0,13639.9,37342.4,47341.9,0,11944.4,57932.5,7486,0,15688.5,8155.4,38227.5
"439",438,0,13301.7,36139.5,46164.5,0,12202.4,61151.2,7804.3,0,15766.3,7927.4,36587.9
"440",439,0,12981.9,35041.8,44856.8,0,12482.6,64193.5,8205.9,0,15849.2,7690.8,35044.3
"441",440,0,12719.7,33966.4,43514.5,0,12769.4,67094.4,8719.5,0,15895,7467.9,33536.5
"442",441,0,12469.1,32914.7,42066.3,0,13039.5,69829.4,9300,0,15867.9,7273,32190.6
"443",442,0,12239.7,31917.4,40531.4,0,13320.9,72214.9,10007,0,15804.9,7063.3,30892.7
"444",443,0,12020.8,30948.3,38933.8,0,13607.6,74225.8,10832,0,15754.1,6868,29606.6
"445",444,0,11826,30018.8,37278.8,0,13881.5,75879.2,11784.7,0,15663.8,6675.9,28444.3
"446",445,0,11649.8,29072.8,35742.4,0,14114,77398,12853.7,0,15557,6486.6,27299.3
"447",446,0,11508.2,28157.5,34249.2,0,14383.5,78585.7,14071.1,0,15407,6309.8,26225.6
"448",447,0,11397.5,27300.6,32819.2,0,14618.7,79475.9,15398.2,0,15244.2,6133.3,25188.1
"449",448,0,11314.9,26515.8,31398.8,0,14850,80026.9,16838.1,0,15090.8,5966.1,24149.5
"450",449,0,11257.5,25677,30077,0,15063.1,80363.2,18352.8,0,14927.6,5829.4,23202.5
"451",450,0,11230.9,24910.6,28775.9,0,15246.9,80362.6,19931.6,0,14712.5,5698.2,22313.6
"452",451,0,11235.5,24138.6,27558.4,0,15450.8,80120.3,21645.1,0,14528.6,5553.5,21431.9
"453",452,0,11278.8,23422.8,26396,0,15615.7,79622.6,23367.2,0,14376.6,5417.2,20547.8
"454",453,0,11347.4,22702.9,25266,0,15758.2,78894.5,25050.3,0,14177.7,5303.4,19760.1
"455",454,0,11445.6,21999.3,24206.3,0,15884.3,78003.7,26744,0,13941.5,5187.6,18966.7
"456",455,0,11574.5,21291.7,23159.8,0,16010.7,76755.7,28422.1,0,13705.1,5084.7,18182.4
"457",456,0,11764,20660.9,22180.8,0,16077.2,75288.7,30091.8,0,13476,4999.2,17449.6
"458",457,0,11936.1,20031.8,21221.1,0,16136.9,73685.2,31768.3,0,13199.5,4949,16774.1
"459",458,0,12178.6,19371,20324.3,0,16173,71892.4,33489.6,0,12896.9,4890.8,16116
"460",459,0,12425.9,18779.2,19460,0,16195.3,69974.5,35251.8,0,12584.8,4852.1,15470.9
"461",460,0,12701.3,18181.5,18660.2,0,16185.4,68005.9,37016.2,0,12312.9,4834.6,14838.7
"462",461,0,13018.3,17627.3,17870.6,0,16151.8,65951.5,38787.6,0,12026.2,4835.6,14249.1
"463",462,0,13336.5,17064.2,17133.4,0,16067.4,63898.7,40606.6,0,11715.4,4865.2,13719.5
"464",463,0,13666.8,16521,16434.3,0,15959,61848.3,42556.4,0,11425.8,4910.2,13155.7
"465",464,0,14011.2,15987.3,15743.7,0,15835.5,59833.4,44565.3,0,11153.3,4978.4,12643.4
"466",465,0,14377.2,15516.5,15077.2,0,15691.6,57937,46544.5,0,10894.3,5075.4,12149.8
"467",466,0,14687.1,15036.8,14452.1,0,15517.6,56078.5,48473.1,0,10626.6,5202.1,11674.5
"468",467,0,15039.1,14563.3,13864.1,0,15311.1,54195.4,50327.5,0,10341.4,5348.3,11207.3
"469",468,0,15364,14140.5,13316.9,0,15099.8,52483.9,51907.2,0,10099.7,5556.1,10781.4
"470",469,0,15710.6,13694.1,12812.4,0,14860.8,50791.1,53194.1,0,9852,5793.5,10352.6
"471",470,0,16014,13295.1,12361.8,0,14624.7,49079.2,54255.2,0,9607.5,6070.3,9975.8
"472",471,0,16310,12868.4,11950.2,0,14404.2,47476.6,54965.6,0,9372.6,6393,9610.1
"473",472,0,16587.2,12478.8,11576,0,14190.4,45927.2,55369.6,0,9143.4,6781.6,9227.1
"474",473,0,16852.4,12107.6,11247.7,0,13984.1,44385.7,55463,0,8909.4,7224.8,8899.6
"475",474,0,17113.5,11737.8,10996.7,0,13798.3,42942,55230.7,0,8665.5,7770.6,8554.3
"476",475,0,17352.9,11393.5,10801.5,0,13598.5,41554.2,54800.8,0,8437.4,8352.2,8231.5
"477",476,0,17585.1,11064.6,10620.1,0,13403.9,40189,54153.3,0,8214.2,9014.5,7913.4
"478",477,0,17748.3,10797.9,10497.7,0,13232.1,38983.6,53309.1,0,8044.2,9761,7634.1
"479",478,0,17839.6,10566.3,10444.3,0,13044.4,37749,52391.2,0,7869.5,10628.5,7345.4
"480",479,0,17847.1,10378.5,10446.1,0,12855.3,36532.7,51447.8,0,7693.5,11590,7079.7
"481",480,0,17843,10239.5,10500.6,0,12685.9,35416.2,50404.5,0,7507.7,12579.2,6826.2
"482",481,0,17739.7,10167.7,10624.2,0,12487.8,34272.2,49357.8,0,7344.7,13607,6566.7
"483",482,0,17619.6,10120.7,10835.9,0,12318,33225.4,48212.9,0,7188.9,14684.1,6327.7
"484",483,0,17469.6,10144.8,11136.6,0,12108.9,32234.9,46960.2,0,7049.5,15782.9,6095.6
"485",484,0,17250.7,10239.1,11545,0,11911.6,31230.3,45664.9,0,6906.5,16885.8,5868.3
"486",485,0,16958.4,10424,12065.9,0,11725.9,30220.9,44275.7,0,6767.6,18114,5659.5
"487",486,0,16626.8,10667.7,12722,0,11523.2,29304.4,42816.1,0,6654.1,19341.1,5461.4
"488",487,0,16300.2,10989.9,13505.8,0,11328.1,28358.8,41302.4,0,6523.7,20629.9,5255.4
"489",488,0,15963.7,11405.2,14402.8,0,11130.9,27462.8,39772.1,0,6403.8,21888.6,5077
"490",489,0,15640.5,11928.1,15480.3,0,10924.3,26603.6,38197.4,0,6313,23107.6,4894.6
"491",490,0,15269.7,12572.3,16721.2,0,10732.6,25778.1,36605.6,0,6232.7,24324.9,4711.3
"492",491,0,14917.8,13375.3,18111,0,10544.4,25011.5,35041.9,0,6145.1,25563.9,4560.3
"493",492,0,14558.2,14352.8,19608.3,0,10337.5,24221.7,33569.4,0,6061.9,26787,4414.2
"494",493,0,14159.1,15492,21156.7,0,10183.7,23510.4,32138.7,0,5976.7,28064.5,4287.9
"495",494,0,13763.1,16875.8,22716.7,0,10019.3,22727.2,30773.9,0,5924.5,29346.9,4176.5
"496",495,0,13413.1,18405.7,24289.6,0,9850.3,22045,29451.8,0,5889.9,30613.6,4076.9
"497",496,0,13098.1,20214.9,25897.3,0,9724,21359.9,28195.8,0,5825.6,31976,3993.5
"498",497,0,12761.5,22209.8,27493.5,0,9631.6,20705.2,27016.4,0,5801.1,33338.2,3937.5
"499",498,0,12449.7,24373.7,29071.1,0,9538.8,20054.9,25829.8,0,5742.6,34682.7,3895.8
"500",499,0,12152.9,26682,30654.9,0,9489.9,19432.4,24726.4,0,5709.3,36095.8,3884.5
"501",500,0,11890.4,29069,32225.6,0,9440.5,18824.4,23721.4,0,5686,37596.4,3899.3
"502",501,0,11638,31484.8,33794.4,0,9400.4,18227.3,22684,0,5667.6,39139.7,3928.7
"503",502,0,11392.5,33944,35372.7,0,9402.4,17684.6,21723.9,0,5663.7,40806.9,4010.2
"504",503,0,11199,36404.8,37017.7,0,9415.3,17097.4,20818.3,0,5678.6,42591.6,4110.9
"505",504,0,11044.1,38923.9,38775.6,0,9446.8,16621,19947,0,5680.8,44523.1,4246.8
"506",505,0,10876.6,41480.6,40651,0,9510.1,16100.5,19120.4,0,5675,46637.8,4399.1
"507",506,0,10732.7,44056.3,42613.7,0,9579.2,15595.2,18301.5,0,5702.4,48975.2,4611.8
"508",507,0,10635.6,46568.1,44665.1,0,9633.9,15089.7,17510.9,0,5720.1,51474.4,4850.2
"509",508,0,10537.9,48999.9,46662.8,0,9738.9,14621.5,16779.7,0,5778.5,54261.6,5109.1
"510",509,0,10476.5,51438.8,48520.2,0,9861.8,14170.2,16088,0,5808.1,57279.6,5440
"511",510,0,10440.2,53841.3,50195.8,0,9989.3,13729.3,15383.4,0,5876.9,60582.7,5808.2
"512",511,0,10445.5,56387.6,51606.7,0,10159.3,13311.5,14758.5,0,5970,64027.4,6234.9
"513",512,0,10487.7,58916.9,52930.2,0,10310.9,12864.4,14127.6,0,6051.5,67338.4,6731.9
"514",513,0,10554.4,61396.5,54033.8,0,10472.1,12471.4,13550.5,0,6125,70399.7,7294.1
"515",514,0,10668.8,63613.6,54760.3,0,10631.3,12081.9,12973.8,0,6242.2,73133.5,7938.6
"516",515,0,10806.5,65630.5,55174.5,0,10807.6,11693.6,12457.3,0,6357.9,75495.3,8696.2
"517",516,0,10951.9,67312.2,55220.1,0,10962.7,11347.4,11968.2,0,6462.3,77266.6,9510.5
"518",517,0,11128.9,68763.1,54897,0,11121.6,10983.4,11481.7,0,6589.7,78515,10443.7
"519",518,0,11375.4,70037.5,54350.9,0,11269.1,10622,11032.1,0,6727.6,79207,11498.1
"520",519,0,11649.6,70951.9,53503.5,0,11436.5,10297.4,10609.8,0,6883,79412.6,12621
"521",520,0,11939,71687.4,52484.9,0,11597.9,9999,10208.8,0,7015.6,78943.9,13912.8
"522",521,0,12254.4,72000.6,51360.3,0,11758.8,9680.9,9846.6,0,7150,77998.1,15287.7
"523",522,0,12596.4,71872.3,49909.3,0,11942.4,9371.6,9504,0,7314.3,76744.6,16726.4
"524",523,0,12946.5,71443,48292.7,0,12162.3,9075.8,9163.9,0,7507.2,75267.6,18271.3
"525",524,0,13301.1,70736.5,46628,0,12380.5,8777.7,8860.3,0,7669.7,73634.4,19843.7
"526",525,0,13673.5,69711.9,44813.8,0,12592.8,8503.6,8583,0,7867.9,71782.7,21488.4
"527",526,0,14070.4,68436.1,42994.1,0,12838.7,8227.1,8333.4,0,8064.7,69846.6,23210.3
"528",527,0,14438,66967.9,41142,0,13120.6,7982.3,8135.5,0,8267.7,67879.4,25007.2
"529",528,0,14759.7,65280.2,39282.1,0,13415,7759.7,7939.1,0,8480.2,65865.5,26829.3
"530",529,0,15082,63479.8,37487.5,0,13694.7,7524.3,7786.5,0,8686.2,63755.1,28678.5
"531",530,0,15423.3,61515.9,35718,0,13980.8,7300.9,7675,0,8921.8,61694.3,30483.9
"532",531,0,15712.7,59440.6,33992.3,0,14203.4,7102.5,7594.8,0,9169.1,59653.2,32333.1
"533",532,0,15973,57440.6,32366.7,0,14466.4,6932.3,7558,0,9392.9,57650.4,34137
"534",533,0,16223.5,55363.7,30813.5,0,14677.8,6792.5,7561.2,0,9595.8,55687.7,35837.6
"535",534,0,16459.9,53392.5,29351.3,0,14862.6,6717.9,7614.3,0,9838.1,53794.5,37432.2
"536",535,0,16675.5,51496.4,27996.4,0,15035.1,6676.5,7670,0,10093.7,51959,38905.5
"537",536,0,16852.2,49696.8,26692.4,0,15162.7,6678.3,7798.1,0,10356,50227.8,40241.9
"538",537,0,17033.5,47955,25431.4,0,15254.9,6753,7983,0,10587.1,48552.8,41420.1
"539",538,0,17211.7,46250.6,24253.3,0,15291.5,6861.7,8247.4,0,10808.9,46958.2,42537.7
"540",539,0,17349.2,44671.9,23132.4,0,15311.8,7004.9,8549.9,0,11039.2,45441.8,43629.1
"541",540,0,17470.1,43115.5,22054.3,0,15304.4,7238.9,8961.9,0,11266.5,43998.9,44686.7
"542",541,0,17547.9,41586.1,21065.2,0,15290.4,7557.6,9451.2,0,11448.7,42598.2,45660.2
"543",542,0,17575.3,40079.2,20118.5,0,15215.5,7973.7,9999.4,0,11620.3,41229.6,46613.3
"544",543,0,17553.7,38725.9,19225.4,0,15090.4,8472.9,10693.2,0,11800,39900.1,47675.4
"545",544,0,17432.3,37348.7,18349.9,0,14972.2,9046.3,11486.2,0,11899.9,38611.5,48892
"546",545,0,17270.3,36051.1,17544.9,0,14835.2,9723,12398.5,0,11974.8,37424.2,50128.5
"547",546,0,17057.2,34795.1,16751.4,0,14663.8,10509.7,13424.6,0,12024,36290.3,51381.6
"548",547,0,16785.3,33602.1,16022,0,14466.7,11387.2,14596.2,0,12072.9,35195.6,52637.8
"549",548,0,16457,32440.5,15314.3,0,14293.5,12442,15912.6,0,12102.4,34097,53686.2
"550",549,0,16098.5,31316.6,14644.8,0,14089.8,13684.6,17363,0,12135.8,33045.6,54424.3
"551",550,0,15683.2,30196.3,14031.9,0,13871.3,15082.6,18828.2,0,12127.2,32010.2,54905.4
"552",551,0,15261.5,29155.8,13428.1,0,13641.5,16691.5,20349.7,0,12138.6,30972.2,55174
"553",552,0,14823,28194.2,12881.4,0,13397.5,18512.1,21844.4,0,12137,30010.1,55177.1
"554",553,0,14380.5,27233.8,12360.2,0,13204.5,20556.5,23304.2,0,12161,29084.7,54801.9
"555",554,0,13964.6,26307.7,11905.8,0,12977.2,22881.3,24751.4,0,12197.8,28167.4,54097
"556",555,0,13556,25411.2,11437.9,0,12749.9,25496.2,26131.9,0,12224.4,27269,53085.6
"557",556,0,13150.6,24530.7,11043,0,12557.9,28444.7,27509.4,0,12269.4,26363.2,51795
"558",557,0,12762.9,23666,10722.9,0,12366.7,31709.9,28845.7,0,12292.1,25542.7,50210.7
"559",558,0,12409.5,22882.8,10444.3,0,12145.1,35099.9,30080.8,0,12330.5,24751.6,48561.6
"560",559,0,12067.5,22078.1,10227.8,0,11934.1,38468.7,31298.8,0,12355.2,23953.2,46898.4
"561",560,0,11751.5,21323,10074.2,0,11745.5,41853.7,32549.9,0,12372.3,23180.3,45142.9
"562",561,0,11445.3,20636.1,9918.5,0,11595.1,45200.2,33834.8,0,12402.3,22463.2,43351.5
"563",562,0,11204.9,19940.4,9808.6,0,11420.4,48364.8,35185.9,0,12427.4,21743.5,41579.9
"564",563,0,10965.2,19232.2,9751.8,0,11240.9,51386.3,36578.1,0,12396.9,21061.3,39822.4
"565",564,0,10772.9,18571.6,9753.5,0,11069.3,54198.1,38082.7,0,12413.1,20409.8,38052.6
"566",565,0,10590.5,17953.9,9838.8,0,10912.5,56754.4,39687.5,0,12407.9,19761.9,36349
"567",566,0,10433.2,17353.2,9980.8,0,10737.9,58958.7,41246.6,0,12380.6,19145.4,34694.4
"568",567,0,10295.3,16757.7,10182.3,0,10558.3,60780.2,42795.7,0,12359.7,18524,33185.6
"569",568,0,10188.6,16213.8,10484,0,10399.8,62352.5,44345.1,0,12317.4,17917.5,31678.8
"570",569,0,10096.8,15696.2,10882.7,0,10238.5,63850.9,45777.9,0,12283.9,17350,30245.9
"571",570,0,10024.5,15212.8,11356.2,0,10087.9,65193.2,47137.7,0,12221.8,16816.3,28918.9
"572",571,0,10005.8,14697.7,11988.8,0,9927.2,66472,48346.8,0,12135,16282.9,27597.7
"573",572,0,9992.1,14198.9,12721.3,0,9783.1,67769.3,49369.9,0,12059.8,15792.6,26344.2
"574",573,0,10016,13753.5,13614.1,0,9647.3,68991.4,50209.2,0,11976,15322,25172.9
"575",574,0,10068,13311.3,14608.2,0,9552.6,69921.7,50730.6,0,11833.2,14842.1,24076.3
"576",575,0,10149.9,12853,15752.1,0,9454.8,70629.2,50984.5,0,11703.4,14362.5,23043.5
"577",576,0,10296.1,12443.1,17033.4,0,9377.2,71039.3,50985.6,0,11569.2,13926.5,22067.9
"578",577,0,10479.2,12074,18403.9,0,9314.5,71222.7,50753.1,0,11450.4,13495.6,21082.1
"579",578,0,10665.1,11675.3,19800.6,0,9276,71084.3,50382.6,0,11317.4,13082.4,20186.7
"580",579,0,10899.5,11313.8,21220.7,0,9272.5,70607.3,49865.9,0,11158.3,12678.1,19325
"581",580,0,11143.6,10990,22643,0,9265.4,69854.5,49183,0,11021,12267.7,18480.9
"582",581,0,11426.4,10707.7,24061.2,0,9262.8,68693.2,48330.1,0,10866.2,11885.1,17700.4
"583",582,0,11727.9,10501.5,25479.4,0,9315.5,67114.8,47409.2,0,10721.9,11493.4,16941.5
"584",583,0,12028,10314,26826.9,0,9377.7,65234.7,46409.7,0,10595.7,11101.1,16212.3
"585",584,0,12337.7,10186.4,28202.1,0,9439.5,63271.7,45418,0,10452,10760.4,15520.4
"586",585,0,12675.5,10119.8,29511.1,0,9549.5,61203.2,44419.7,0,10285.5,10423.6,14843.9
"587",586,0,13027,10131,30837.8,0,9665,59114.6,43482.2,0,10142.1,10104.1,14221.6
"588",587,0,13377,10208.1,32186.3,0,9815.6,57028.7,42508.1,0,9988.6,9788.2,13636.6
"589",588,0,13731.4,10383.5,33566.8,0,9974.6,54987.7,41455.4,0,9818.7,9479.5,13069
"590",589,0,14081.8,10626.9,35026.3,0,10120.7,53024.7,40339,0,9649.3,9175.2,12493.5
"591",590,0,14419.9,10947.4,36559.7,0,10298.2,51051.3,39190.8,0,9485.9,8885.7,11971.8
"592",591,0,14753.2,11380.2,38181.2,0,10496.5,49174.2,38011.4,0,9345.2,8626.8,11468.1
"593",592,0,15045.2,11902.8,39821.3,0,10701.8,47403.7,36834.4,0,9204.4,8363.6,10995.6
"594",593,0,15358.3,12576.9,41480.3,0,10892.4,45717.4,35602.8,0,9061.9,8121,10531.1
"595",594,0,15630.6,13403.1,43013.8,0,11094.3,44086.3,34340.1,0,8925.2,7868,10086.4
"596",595,0,15883.5,14395.3,44481.8,0,11282.8,42526.3,33030.7,0,8777.7,7622.8,9665.9
"597",596,0,16071.5,15564.8,45769,0,11487.1,40993.2,31677,0,8625,7387.2,9265.9
"598",597,0,16264.1,16948.6,46932.1,0,11694.5,39504.5,30349.9,0,8460.3,7168.5,8856.5
"599",598,0,16475.5,18515.2,48068.7,0,11874.3,38104.3,29023.3,0,8348.6,6962.8,8470
"600",599,0,16624.2,20305.7,49000.6,0,12091.2,36737,27725.7,0,8200,6766.1,8128.4
"601",600,0,16757.3,22240.3,49744.6,0,12280.9,35461.2,26438,0,8058.8,6559.6,7789.5
"602",601,0,16827.7,24269.5,50235.2,0,12452.9,34254.1,25248.8,0,7906.3,6339,7476.2
"603",602,0,16902.9,26528.3,50505,0,12617.1,33078.9,24123.8,0,7732.8,6166.1,7161.7
"604",603,0,16924.6,28919.8,50594.4,0,12796.3,31926.9,23022.9,0,7558.4,5996.1,6881.6
"605",604,0,16917.7,31447.3,50515.9,0,13002.8,30852.6,21951.3,0,7434.4,5853.8,6591
"606",605,0,16822.5,34067.4,50191.4,0,13192.3,29776.6,20959.9,0,7319.2,5750.2,6332.5
"607",606,0,16716.3,36734.9,49651.8,0,13368.2,28794.6,20033.2,0,7203.2,5615.8,6077.3
"608",607,0,16519.2,39425.5,48885.4,0,13537.8,27881.7,19135.4,0,7088.8,5502.2,5860.6
"609",608,0,16261.5,42013.7,47795.2,0,13734.9,26951.7,18272.3,0,6948.4,5422.5,5644.4
"610",609,0,16009.6,44554.8,46505.2,0,13877.2,26045.6,17449.8,0,6856.4,5346.5,5460.9
"611",610,0,15714,47028.6,45033.1,0,14031.9,25156.9,16677.6,0,6764.8,5315,5271
"612",611,0,15371.6,49502.8,43496.8,0,14201.5,24290.5,15942.7,0,6683.4,5304.6,5094
"613",612,0,14998.5,51910.9,41792,0,14328.8,23475.7,15222.4,0,6627.6,5289.9,4937.5
"614",613,0,14591.5,54302.3,40023.4,0,14428.8,22672,14557.7,0,6569.9,5305.3,4778.7
"615",614,0,14186.2,56609.7,38218,0,14462.7,21884.6,13938.9,0,6498.5,5325.5,4641.2
"616",615,0,13842.1,58776.9,36453.9,0,14510.7,21137.2,13342.3,0,6431.6,5382.8,4503.1
"617",616,0,13444,60717.1,34755.3,0,14545.8,20398.2,12751.5,0,6375.8,5488.4,4392.9
"618",617,0,13091.5,62380,33098.9,0,14524.1,19661.4,12177.4,0,6328.3,5603.9,4286.4
"619",618,0,12711.7,63898.5,31513.3,0,14476.6,18981.3,11649.3,0,6285.8,5767.8,4209.7
"620",619,0,12348.4,65128.4,30008.6,0,14427.4,18341.8,11163.2,0,6264.3,5978.5,4123.2
"621",620,0,11992.6,66056.8,28583.9,0,14324.6,17704.6,10712.2,0,6255.5,6195.6,4063.3
"622",621,0,11699.1,66555.9,27178.1,0,14213.9,17084.1,10259.1,0,6246.7,6477.8,4008.6
"623",622,0,11412,66703,25928.5,0,14081.4,16501.5,9846.3,0,6232.1,6825.1,3974.1
"624",623,0,11119.4,66424.8,24664.5,0,13931.8,15958.7,9470,0,6227.5,7220.4,3985.2
"625",624,0,10858.2,65829.3,23478.3,0,13792,15385.1,9110.5,0,6230.9,7686.7,4030.6
"626",625,0,10587.1,64937,22361.8,0,13582.3,14862.7,8779.6,0,6243.9,8224.7,4079.9
"627",626,0,10392.9,63768.5,21273.7,0,13380.8,14339,8504.5,0,6272.2,8832.4,4151.8
"628",627,0,10190.2,62419.2,20251.9,0,13179.8,13841.9,8237.9,0,6308.7,9536.4,4249.7
"629",628,0,10057.2,60790.5,19275.1,0,12951.5,13365.4,8011.1,0,6357.2,10297.5,4369.1
"630",629,0,9907.3,59073.8,18385.8,0,12738.9,12892.2,7819.6,0,6394.7,11050.9,4519.8
"631",630,0,9795.7,57300.6,17514,0,12516.8,12457.4,7652,0,6423.4,11778.5,4728.2
"632",631,0,9686.7,55595.7,16693,0,12286.8,12016.3,7512.4,0,6460.8,12487.8,4984.7
"633",632,0,9615.7,53775.1,15901,0,12060.7,11601.1,7413.5,0,6519.8,13157.3,5289.1
"634",633,0,9607.7,51977.7,15182,0,11847.6,11179.3,7357.6,0,6592.6,13801.2,5620.1
"635",634,0,9617.1,50109.7,14525.2,0,11614.8,10798.7,7339.4,0,6657.1,14405.8,5987.7
"636",635,0,9648.2,48208.9,13902.6,0,11402.2,10421,7365.2,0,6747.5,14972.4,6445.8
"637",636,0,9710.9,46393.6,13338.2,0,11177.6,10077.6,7414.9,0,6833.3,15524.2,6948.9
"638",637,0,9785.8,44606,12798.2,0,10959.9,9739.9,7537.8,0,6934.4,16026.8,7539.2
"639",638,0,9889.8,42980.8,12332.8,0,10756.3,9403,7706.7,0,7039.7,16509.2,8221.8
"640",639,0,10011.4,41363.4,11862.6,0,10535.9,9071.1,7933.4,0,7166.1,17113.7,8998.9
"641",640,0,10191.8,39820.7,11485.3,0,10320,8772,8224.8,0,7299.3,17800.1,9861.7
"642",641,0,10355.2,38295.9,11140.4,0,10092,8466.2,8612,0,7461.1,18647.4,10772.9
"643",642,0,10544,36863.9,10842.5,0,9899.8,8161.6,9040.7,0,7608.5,19596.1,11706.5
"644",643,0,10785.9,35465.1,10607.1,0,9700.7,7891.1,9555.4,0,7754.8,20718.3,12628.8
"645",644,0,11031.4,34119.5,10380.1,0,9518.1,7621.6,10151.7,0,7906.4,22026.8,13549.4
"646",645,0,11284.2,32850.3,10195.5,0,9355,7369.8,10884.6,0,8059.7,23473.6,14480.7
"647",646,0,11538.8,31637.9,10088.5,0,9186.2,7149.8,11717.3,0,8211.8,24988,15421.6
"648",647,0,11841.9,30471,10015.7,0,9046.4,6935.1,12682.9,0,8371.6,26610.4,16364.2
"649",648,0,12110.2,29349.7,9995.6,0,8895.5,6766.8,13775.2,0,8522.7,28367.7,17328
"650",649,0,12412.8,28273.7,10049.2,0,8759.5,6658,14942,0,8654.7,30111.8,18240.2
"651",650,0,12694.2,27251.2,10179.8,0,8683.4,6567.6,16185.2,0,8788.6,31887.9,19186.5
"652",651,0,13017.2,26289.6,10370.8,0,8606.7,6538.9,17444.3,0,8904.7,33623.7,20189.7
"653",652,0,13315.9,25316.1,10648.4,0,8516.7,6566.3,18770.1,0,9028.3,35341,21261.2
"654",653,0,13552.4,24395.9,11025.2,0,8469.7,6643.1,20168.4,0,9142.4,36996.2,22501.6
"655",654,0,13779.3,23510.9,11500.7,0,8432.4,6787.6,21628.2,0,9265.1,38606.3,23868.5
"656",655,0,14030.9,22655.2,12086.5,0,8398.3,6985.6,23066,0,9387.7,40306.4,25358.6
"657",656,0,14217.5,21825.4,12777.1,0,8397.1,7265.5,24546.1,0,9486,42068.1,26932.3
"658",657,0,14419.3,21030.9,13626.1,0,8399.7,7617.5,25966,0,9552.9,43909.5,28650.7
"659",658,0,14653.5,20228.5,14608.7,0,8432.8,8072.5,27355.9,0,9646.8,45698.4,30396.6
"660",659,0,14874.2,19485.6,15681.6,0,8474.8,8616.4,28761.2,0,9755.8,47456.7,32355.7
"661",660,0,15036.2,18757,16814.4,0,8511.8,9250.9,30236.6,0,9854,49229.3,34349.5
"662",661,0,15156.9,18039.3,18017.7,0,8592.2,10012.6,31769.1,0,9960.6,51007.8,36367.3
"663",662,0,15297.5,17386.9,19275.9,0,8680.6,10880.8,33281.9,0,10053.4,52802.4,38346.3
"664",663,0,15421.9,16747.6,20607.7,0,8763.5,11907.6,34735,0,10160.2,54650.4,40192.1
"665",664,0,15521.2,16128,22056.5,0,8867.2,13077.4,36163.9,0,10237.1,56543.6,41945.4
"666",665,0,15558.2,15536,23541.7,0,8980,14406.7,37530.7,0,10310.6,58153.9,43516.1
"667",666,0,15595.9,14963.3,25012.6,0,9101.5,15877.6,38843.1,0,10394.3,59656.8,44994.5
"668",667,0,15546.5,14414.5,26469.3,0,9216.6,17580.2,40217.2,0,10521.6,60967.2,46336.4
"669",668,0,15434.2,13919.1,27922.9,0,9340.2,19448.9,41564.8,0,10636,62074.3,47591.9
"670",669,0,15277.2,13395.5,29421.7,0,9476.1,21545.5,42900,0,10724.6,63098.5,48599.7
"671",670,0,15124,12923.8,30982.4,0,9590.3,23852.8,44115.6,0,10848.1,63920.1,49499.3
"672",671,0,14945.9,12443.1,32642.2,0,9696.5,26350.8,45218.9,0,10923.3,64446.6,50285
"673",672,0,14694.6,11978.5,34387.1,0,9828.8,28937.1,46274.8,0,11027.9,64762.7,50916.6
"674",673,0,14432.1,11540.6,36123.2,0,9973.7,31535.2,47164.3,0,11116.6,64733.3,51422.1
"675",674,0,14143.6,11131.4,37837.4,0,10098.2,34182,47870.5,0,11237.4,64361.6,51839.1
"676",675,0,13884.3,10752,39559.9,0,10267.4,36771,48461,0,11376.5,63787.9,52142.7
"677",676,0,13592.6,10380.3,41313,0,10443.2,39355.6,48823.2,0,11505.7,62935.9,52260
"678",677,0,13286,10052.8,42985.7,0,10626.5,41823.2,48838.3,0,11609.6,61829.5,52145.7
"679",678,0,12961.4,9736.8,44514.4,0,10803.7,44242.2,48575.3,0,11693,60539.7,51767.5
"680",679,0,12646.4,9472,45888.7,0,11006.1,46411.9,48039.9,0,11780.1,59019.6,51176.1
"681",680,0,12326.3,9238.1,47058.8,0,11233.8,48379.2,47270.3,0,11854.9,57438.7,50304.6
"682",681,0,12020.9,9069.1,48016.9,0,11438,50159.7,46309.2,0,11957.1,55770.1,49215.6
"683",682,0,11744.9,8943.5,48711.9,0,11676.5,51712.2,45144.6,0,12011.6,54040.5,47957.9
"684",683,0,11464.9,8851.5,49253.8,0,11868.3,53150.5,43896.7,0,12049.8,52286.6,46572.7
"685",684,0,11178.7,8840.1,49525.6,0,12077.2,54458.9,42626.2,0,12089.1,50478,44993.3
"686",685,0,10865.4,8873.5,49615.5,0,12263.8,55704.1,41320.5,0,12084.1,48713.5,43346.7
"687",686,0,10605.6,9000.6,49387,0,12427.8,56809.9,40029.2,0,12118.3,46952.1,41621.5
"688",687,0,10385.6,9218.6,48979.6,0,12588.9,57754.9,38844.5,0,12122.4,45240.6,39872.2
"689",688,0,10210.8,9518.9,48388.4,0,12756.1,58525.6,37697,0,12103.5,43625,38130.4
"690",689,0,10031.8,9948,47635.8,0,12862.8,59220.3,36578.2,0,12093.3,42074.5,36394.5
"691",690,0,9887.4,10461.5,46676.4,0,12982.2,59744.3,35471,0,12071.1,40533.8,34707.8
"692",691,0,9762.8,11116,45505.2,0,13106.2,60037,34390.1,0,12003.8,39109.7,33076.1
"693",692,0,9668.6,11933.8,44220.5,0,13184.9,60234.1,33312.5,0,11954.8,37709.3,31528.8
"694",693,0,9588.4,12876,42733.8,0,13305.3,60200.4,32233.7,0,11910.2,36335.1,30036.9
"695",694,0,9546,13966.9,41172.5,0,13420.5,59980.2,31123.8,0,11832.4,35024.5,28631.7
"696",695,0,9531.4,15282,39462.1,0,13516.6,59529.6,29988.2,0,11768.7,33754.6,27252.4
"697",696,0,9562.2,16749.5,37771.4,0,13621.3,58832.7,28819,0,11659.4,32553.6,25967.6
"698",697,0,9612.2,18427.6,36051,0,13713.5,57929.6,27605.7,0,11546.1,31403.4,24717.5
"699",698,0,9664.5,20326.7,34325.9,0,13785.9,56799,26427.9,0,11440.2,30291.1,23563
"700",699,0,9730.1,22425.4,32634.6,0,13860.9,55436.5,25244.9,0,11329.7,29229.5,22493.7
"701",700,0,9821.6,24740.2,31024.5,0,13902,53990.5,24094.8,0,11194.9,28212.3,21469.1
"702",701,0,9939,27197.1,29500.5,0,13929.6,52378.4,22992.5,0,11067.3,27215.4,20471.2
"703",702,0,10060.6,29867.4,28015.3,0,13950.1,50721.7,21936.8,0,10931.1,26248.7,19538.2
"704",703,0,10230.1,32691,26629.2,0,13909.4,49071.1,20929.4,0,10793.9,25351.5,18661.9
"705",704,0,10441.4,35657.2,25296.3,0,13829.7,47345.3,19945.2,0,10643,24503.9,17827.4
"706",705,0,10660.3,38627.8,24045.1,0,13733.2,45604.8,18988.8,0,10443.9,23657.1,17014.1
"707",706,0,10853.8,41646.7,22865.2,0,13585.1,43846.9,18121.6,0,10254.3,22853,16257.3
"708",707,0,11066.7,44636.5,21731,0,13456.3,42136.3,17270.1,0,10081.5,22087.2,15561.2
"709",708,0,11295.6,47519.3,20676.3,0,13278.6,40462.8,16453.9,0,9888.9,21355.7,14877
"710",709,0,11553.5,50277.1,19647.2,0,13106.1,38933.9,15662.2,0,9674.5,20632,14224.5
"711",710,0,11793.8,52844.6,18676.6,0,12917.3,37385.8,14943.1,0,9485.4,19964.2,13603.1
"712",711,0,11997.6,55239.2,17748.7,0,12692.6,35994.3,14236.9,0,9304.8,19285.8,13011.8
"713",712,0,12212.6,57339.5,16898,0,12471.5,34618.5,13568.1,0,9126,18621.7,12426.5
"714",713,0,12417.2,59158.1,16097.2,0,12263.9,33282.4,12943.1,0,8939.9,17968.2,11890.1
"715",714,0,12594.8,60618.3,15366.9,0,12043.6,32007.3,12333.4,0,8758.5,17358.1,11364
"716",715,0,12779,61757.4,14694.5,0,11772.7,30774.4,11769,0,8620.9,16778.3,10888.9
"717",716,0,12970.3,62565.7,14039.1,0,11525.4,29651.4,11221,0,8462.7,16222.6,10414.6
"718",717,0,13128.5,62978.8,13413,0,11239.2,28554.5,10703,0,8328,15677.7,9951.6
"719",718,0,13282.7,63078.9,12861.1,0,10981.3,27538,10233.3,0,8216.5,15142.9,9522.9
"720",719,0,13438.9,62911.6,12377.9,0,10703.4,26507.9,9817.7,0,8114.7,14629.6,9107.8
"721",720,0,13591.3,62480.1,11952.3,0,10427.3,25539.2,9402.5,0,7991.1,14108,8705.1
"722",721,0,13771,61687.6,11555.5,0,10187.9,24579.5,9017.3,0,7876.5,13627.9,8334.8
"723",722,0,13910.6,60665.1,11199.3,0,9915.6,23704.3,8667.3,0,7751.3,13163.3,7979.1
"724",723,0,14053.6,59367.4,10885.9,0,9641.5,22836.5,8344.2,0,7647.2,12725.2,7609.6
"725",724,0,14172.3,57871.1,10579.6,0,9392.3,21998.4,8081.7,0,7555.4,12268.6,7255.4
"726",725,0,14277.9,56276.9,10322.3,0,9210.5,21190.3,7844.6,0,7444.8,11839.7,6942.4
"727",726,0,14339.7,54570.3,10112.5,0,9022.5,20400.1,7619,0,7354.4,11435.3,6656.8
"728",727,0,14400.6,52778.2,9977.6,0,8847.3,19662.4,7447.3,0,7242.9,11025.9,6366.7
"729",728,0,14423.3,50916.9,9894.4,0,8699.8,18910.2,7267,0,7120.8,10633.8,6092.3
"730",729,0,14389.7,48968.9,9863.9,0,8580.2,18191.4,7126.3,0,6988.1,10258.7,5852.6
"731",730,0,14351.1,47021.1,9870.4,0,8448.4,17529.9,7023.9,0,6888,9888.9,5634.1
